{
  "keyframes": [
    {
      "matrix": "[-0.013247292371046271,-0.9999122507724547,0,0,0.47686084246024985,-0.00631766937098166,0.8789560990071232,0,-0.8788789712883891,0.011643788424861634,0.4769026903029381,0,-0.44486968845959535,-0.04426615004105211,-0.17101875053088073,1]",
      "fov": 50,
      "aspect": 1,
      "properties": "[[\"FOV\",50],[\"NAME\",\"Camera 0\"],[\"TIME\",0]]"
    },
    {
      "matrix": "[0.00037850512994841434,-0.9999999283669305,5.551115123125783e-17,0,0.095765042022399,0.00003624756227194048,0.9954039659417486,0,-0.9954038946379073,-0.00037676550747972604,0.0957650488823436,0,-1.2367958179328988,-0.05355519109035719,-0.2574394457958906,1]",
      "fov": 50,
      "aspect": 1,
      "properties": "[[\"FOV\",50],[\"NAME\",\"Camera 1\"],[\"TIME\",0.16666666666666669]]"
    },
    {
      "matrix": "[0.6826132768140671,-0.730779798788364,2.7755575615628914e-17,0,0.536373930400071,0.5010209187980945,0.6791767411461416,0,-0.4963286422365142,-0.46361506080966713,0.7339747640662497,0,-0.6057453804190885,-0.6392919662901139,0.5495380952753157,1]",
      "fov": 50,
      "aspect": 1,
      "properties": "[[\"FOV\",50],[\"NAME\",\"Camera 2\"],[\"TIME\",0.33333333333333337]]"
    },
    {
      "matrix": "[0.785492646916143,0.6188709894967379,-1.1102230246251565e-16,0,-0.016254068679298073,0.020630230931395377,0.9996550399128119,0,0.618657503706243,-0.7852216833041772,0.026264066267698283,0,0.5517014335132113,-0.973145944566279,-0.1851234925241731,1]",
      "fov": 50,
      "aspect": 1,
      "properties": "[[\"FOV\",50],[\"NAME\",\"Camera 3\"],[\"TIME\",0.5000000000000001]]"
    },
    {
      "matrix": "[-0.4714384627646917,0.8818989601003417,-5.551115123125783e-17,0,0.18768746669252384,0.1003324584572085,0.977090995059557,0,0.8616955324664315,0.46063827669210067,-0.21282196168047274,0,0.6008525247179227,0.31961751406355043,-0.5776868346116059,1]",
      "fov": 50,
      "aspect": 1,
      "properties": "[[\"FOV\",50],[\"NAME\",\"Camera 4\"],[\"TIME\",0.6666666666666667]]"
    },
    {
      "matrix": "[-0.7683373619447758,-0.6400450751624787,-5.551115123125783e-17,0,0.21689800587178956,-0.2603736019690617,0.9408298690233521,0,-0.6021735242341564,0.7228747396042512,0.33887926692776893,0,-0.47300453452804503,0.5147311447730349,-0.17910557385279027,1]",
      "fov": 50,
      "aspect": 1,
      "properties": "[[\"FOV\",50],[\"NAME\",\"Camera 5\"],[\"TIME\",0.8333333333333334]]"
    },
    {
      "matrix": "[-0.5813361929721141,-0.8136634628276537,-5.551115123125783e-17,0,0.022601564394837514,-0.016148085788254107,0.9996141298582574,0,-0.8133494943919217,0.581111872692932,0.02777753386675652,0,-0.885120120525878,0.494239761991248,-0.2217235651076872,1]",
      "fov": 50,
      "aspect": 1,
      "properties": "[[\"FOV\",50],[\"NAME\",\"Camera 6\"],[\"TIME\",0.9333333333333335]]"
    }
  ],
  "render_height": 1080,
  "render_width": 1920,
  "camera_path": [
    {
      "camera_to_world": [
        -0.013247292371046274,
        0.4768608424602498,
        -0.8788789712883891,
        -0.44486968845959535,
        -0.9999122507724546,
        -0.006317669370981604,
        0.011643788424861634,
        -0.04426615004105211,
        -5.20417042793042e-17,
        0.8789560990071233,
        0.4769026903029382,
        -0.17101875053088073,
        0,
        0,
        0,
        1
      ],
      "fov": 50,
      "aspect": 1
    },
    {
      "camera_to_world": [
        -0.008463628636329736,
        0.47621755033240365,
        -0.8792867630902393,
        -0.44903196875422957,
        -0.9999610093431043,
        -0.006245990431788363,
        0.006242387127236086,
        -0.04931477078744807,
        -0.002519282403100897,
        0.8793053123681959,
        0.47625184604077153,
        -0.17158553323284859,
        0,
        0,
        0,
        1
      ],
      "fov": 50,
      "aspect": 1
    },
    {
      "camera_to_world": [
        -0.004280316808034831,
        0.4747137711398235,
        -0.8801298281380027,
        -0.4546036836123595,
        -0.9999787293508803,
        -0.006363429920143734,
        0.0014309456490150824,
        -0.05376623945103774,
        -0.004921354876644257,
        0.8801172321059613,
        0.4747309111658092,
        -0.17257233958005244,
        0,
        0,
        0,
        1
      ],
      "fov": 50,
      "aspect": 1
    },
    {
      "camera_to_world": [
        -0.0006609126051293334,
        0.47239001469480224,
        -0.8813893788849357,
        -0.46152633632436973,
        -0.9999738655864941,
        -0.006657676622203906,
        -0.002818419060112617,
        -0.057645081537738486,
        -0.007199398484083767,
        0.8813644815617651,
        0.4723820692012226,
        -0.1739563574166638,
        0,
        0,
        0,
        1
      ],
      "fov": 50,
      "aspect": 1
    },
    {
      "camera_to_world": [
        0.0024291298283289626,
        0.46928379257532243,
        -0.883044065352573,
        -0.46974143018064507,
        -0.9999533392478239,
        -0.007116424385192791,
        -0.006532674115260122,
        -0.06097582255346768,
        -0.009349794404342734,
        0.883018730565831,
        0.4692446087218317,
        -0.17571477458685408,
        0,
        0,
        0,
        1
      ],
      "fov": 50,
      "aspect": 1
    },
    {
      "camera_to_world": [
        0.005022538988588506,
        0.46543013836195646,
        -0.8850703703132753,
        -0.4791904684715702,
        -0.999922727243835,
        -0.007727414658736804,
        -0.009737895252219719,
        -0.06378298800414264,
        -0.011371615688167278,
        0.8850508874449322,
        0.4653553620509584,
        -0.17782477893479487,
        0,
        0,
        0,
        1
      ],
      "fov": 50,
      "aspect": 1
    },
    {
      "camera_to_world": [
        0.0071503485576612,
        0.4608621007199794,
        -0.8874429540175929,
        -0.4898149544875298,
        -0.9998864340814437,
        -0.008478458474210028,
        -0.012459321080858565,
        -0.06609110339568075,
        -0.013266177120737643,
        0.8874312592318736,
        0.46074913855886096,
        -0.18026355830465765,
        0,
        0,
        0,
        1
      ],
      "fov": 50,
      "aspect": 1
    },
    {
      "camera_to_world": [
        0.00884204730645119,
        0.45561120704777036,
        -0.8901349595493395,
        -0.5015563915189085,
        -0.999847847322554,
        -0.009357443523857171,
        -0.014721428434514787,
        -0.0679246942339994,
        -0.015036635391110484,
        0.8901296906985924,
        0.45545914562443823,
        -0.18300830054061393,
        0,
        0,
        0,
        1
      ],
      "fov": 50,
      "aspect": 1
    },
    {
      "camera_to_world": [
        0.010125745019816505,
        0.44970789620299495,
        -0.8931182885712675,
        -0.5143562828560911,
        -0.9998094779600462,
        -0.010352331035046812,
        -0.01654802173677335,
        -0.0693082860250159,
        -0.016687632218310003,
        0.893115690901698,
        0.44951739187280526,
        -0.18603619348683514,
        0,
        0,
        0,
        1
      ],
      "fov": 50,
      "aspect": 1
    },
    {
      "camera_to_world": [
        0.011028345362722384,
        0.44318191923095485,
        -0.8963638558450066,
        -0.5281561317894623,
        -0.999773087220015,
        -0.011451146291754512,
        -0.017962330560521534,
        -0.07026640427464761,
        -0.018224973775595094,
        0.8963585542155394,
        0.44295506839351834,
        -0.18932442498749288,
        0,
        0,
        0,
        1
      ],
      "fov": 50,
      "aspect": 1
    },
    {
      "camera_to_world": [
        0.011575718422962487,
        0.4360627071828865,
        -0.8998418295163461,
        -0.5428974416094069,
        -0.9997398013129688,
        -0.012641965926773423,
        -0.018987110580926437,
        -0.07082357448881196,
        -0.019655340589730716,
        0.8998274812995203,
        0.4358029044011332,
        -0.19285018288675856,
        0,
        0,
        0,
        1
      ],
      "fov": 50,
      "aspect": 1
    },
    {
      "camera_to_world": [
        0.011792867133094919,
        0.4283797051273239,
        -0.9035218627790963,
        -0.5585217156063093,
        -0.9997102155741995,
        -0.013912904480154649,
        -0.019644743966618413,
        -0.07100432217342623,
        -0.020986023000298736,
        0.9034917040703545,
        0.428091494326479,
        -0.19659065502880377,
        0,
        0,
        0,
        1
      ],
      "fov": 50,
      "aspect": 1
    },
    {
      "camera_to_world": [
        0.01170408297351704,
        0.4201626714050143,
        -0.9073733211856909,
        -0.5749704570705544,
        -0.9996844892869508,
        -0.015252102176032999,
        -0.019957335951991076,
        -0.0708331728344078,
        -0.022224678194246474,
        0.9073206174980339,
        0.41985159371157377,
        -0.20052302925779997,
        0,
        0,
        0,
        1
      ],
      "fov": 50,
      "aspect": 1
    },
    {
      "camera_to_world": [
        0.011333087360680347,
        0.4114419411200662,
        -0.911365508573935,
        -0.5921851692925268,
        -0.9996624322967346,
        -0.016647715395750974,
        -0.019946804924071273,
        -0.07033465197767405,
        -0.023379105745345897,
        0.9112839198951411,
        0.41111438159603947,
        -0.2046244934179186,
        0,
        0,
        0,
        1
      ],
      "fov": 50,
      "aspect": 1
    },
    {
      "camera_to_world": [
        0.010703155988345318,
        0.402248652845381,
        -0.9154678933397749,
        -0.6101073555626114,
        -0.9996435843203503,
        -0.018087910906338097,
        -0.019634963870786063,
        -0.06953328510914232,
        -0.02445703945803429,
        0.9153517623095073,
        0.40191168738645516,
        -0.20887223535333127,
        0,
        0,
        0,
        1
      ],
      "fov": 50,
      "aspect": 1
    },
    {
      "camera_to_world": [
        0.00983722416246323,
        0.3926149375848827,
        -0.9196503356200094,
        -0.6286785191711928,
        -0.9996272876435998,
        -0.01956086452883123,
        -0.019043591499101026,
        -0.06845359773473,
        -0.02546595411676873,
        0.9194949066547914,
        0.39227618053715574,
        -0.21324344290820943,
        0,
        0,
        0,
        1
      ],
      "fov": 50,
      "aspect": 1
    },
    {
      "camera_to_world": [
        0.008757971886757553,
        0.3825740692031553,
        -0.9238833148735667,
        -0.6478401634086556,
        -0.9996127536989039,
        -0.021054764592494477,
        -0.018194491761229403,
        -0.0671201153603544,
        -0.02641288645577322,
        0.9236848913245762,
        0.38224152177357756,
        -0.21771530392672458,
        0,
        0,
        0,
        1
      ],
      "fov": 50,
      "aspect": 1
    },
    {
      "camera_to_world": [
        0.007487888139836474,
        0.37216057581872003,
        -0.9281381563848586,
        -0.6675337915653846,
        -0.9995991238271805,
        -0.022557820213558556,
        -0.017109540939080667,
        -0.06555736349193292,
        -0.02730427027295556,
        0.9278942022415548,
        0.37184247507697393,
        -0.22226500625304818,
        0,
        0,
        0,
        1
      ],
      "fov": 50,
      "aspect": 1
    },
    {
      "camera_to_world": [
        0.006049314448368561,
        0.36141031206385943,
        -0.9323872543791064,
        -0.6877009069317644,
        -0.9995855243646852,
        -0.024058274158272358,
        -0.015810721840031183,
        -0.06378986763538287,
        -0.028145786101691918,
        0.9320964466075542,
        0.36111498022968885,
        -0.22686973773135183,
        0,
        0,
        0,
        1
      ],
      "fov": 50,
      "aspect": 1
    },
    {
      "camera_to_world": [
        0.004464468507409173,
        0.35036049263522995,
        -0.9366042887587828,
        -0.7082830127981798,
        -0.9995711160606365,
        -0.025544419799843576,
        -0.014320145054532343,
        -0.06184215329662168,
        -0.028942226214302164,
        0.9362665260584128,
        0.35009618638921475,
        -0.23150668620580694,
        0,
        0,
        0,
        1
      ],
      "fov": 50,
      "aspect": 1
    },
    {
      "camera_to_world": [
        0.002755449222922745,
        0.33904968817969156,
        -0.9407644319620262,
        -0.7292216124550155,
        -0.9995551377292734,
        -0.027004621459086123,
        -0.012660057616973204,
        -0.05973874598156669,
        -0.0296973759546784,
        0.9403808055065274,
        0.3388244479023039,
        -0.23615303952058506,
        0,
        0,
        0,
        1
      ],
      "fov": 50,
      "aspect": 1
    },
    {
      "camera_to_world": [
        0.0009442251408309198,
        0.32751778525454045,
        -0.944844542123647,
        -0.7504582091926563,
        -0.9995369439727368,
        -0.028427337232340255,
        -0.010852839790618657,
        -0.05750417119613519,
        -0.030413912483030804,
        0.9444172736877697,
        0.32733928436354076,
        -0.24078598551985766,
        0,
        0,
        0,
        1
      ],
      "fov": 50,
      "aspect": 1
    },
    {
      "camera_to_world": [
        -0.000947391235110536,
        0.3158059128393443,
        -0.9488233385965777,
        -0.7719343063014865,
        -0.9995160367792452,
        -0.0298011432610528,
        -0.008920991057340238,
        -0.055162954446244646,
        -0.03109332196724199,
        0.9483556913289668,
        0.31568130773455494,
        -0.24538271204779624,
        0,
        0,
        0,
        1
      ],
      "fov": 50,
      "aspect": 1
    },
    {
      "camera_to_world": [
        -0.002897780266563532,
        0.30395633862135735,
        -0.9526815559679035,
        -0.7935914070718912,
        -0.9994920908029336,
        -0.031114758288683847,
        -0.006887106723227942,
        -0.05273962123781236,
        -0.03173583608331544,
        0.9521777229217956,
        0.3038921201340328,
        -0.2499204069485724,
        0,
        0,
        0,
        1
      ],
      "fov": 50,
      "aspect": 1
    },
    {
      "camera_to_world": [
        -0.004885559796256774,
        0.2920123389887354,
        -0.9564020729713029,
        -0.815371014794255,
        -0.9994649721641365,
        -0.03235706728489518,
        -0.004773846841131979,
        -0.050258697076755635,
        -0.03234038840859861,
        0.955867048325785,
        0.2920141866460127,
        -0.2543762580663575,
        0,
        0,
        0,
        1
      ],
      "fov": 50,
      "aspect": 1
    },
    {
      "camera_to_world": [
        -0.0068896339340884915,
        0.2800180473060449,
        -0.9599700131395584,
        -0.8372146327589627,
        -0.9994347506666414,
        -0.03351714289545735,
        -0.0026038993901365583,
        -0.047744707468991926,
        -0.03290459092836009,
        0.9594094508159877,
        0.28009068813654303,
        -0.2587274532453231,
        0,
        0,
        0,
        1
      ],
      "fov": 50,
      "aspect": 1
    },
    {
      "camera_to_world": [
        -0.008889242235996504,
        0.2680182855780033,
        -0.963372814630088,
        -0.8590637642563985,
        -0.9994017054049915,
        -0.03458426349839562,
        -0.00039993983072157685,
        -0.045222177920438575,
        -0.033424730456122355,
        0.9627928787200815,
        0.2681653595821693,
        -0.2629511803296407,
        0,
        0,
        0,
        1
      ],
      "fov": 50,
      "aspect": 1
    },
    {
      "camera_to_world": [
        -0.010864005465633063,
        0.2560583849984467,
        -0.966600267358348,
        -0.8808599125769478,
        -0.9993663238224941,
        -0.035547926710022,
        0.001815410733913305,
        -0.04271563393701293,
        -0.03389578432130754,
        0.9660074784278878,
        0.2562823197698922,
        -0.26702462716348174,
        0,
        0,
        0,
        1
      ],
      "fov": 50,
      "aspect": 1
    },
    {
      "camera_to_world": [
        -0.012793964219098031,
        0.24418400110808655,
        -0.969644516347309,
        -0.9025445810109951,
        -0.9993292943708655,
        -0.03639785728413155,
        0.0040196265189632995,
        -0.04024960102463229,
        -0.034311454235989476,
        0.9690455972697931,
        0.24448589840774385,
        -0.27092498159101785,
        0,
        0,
        0,
        1
      ],
      "fov": 50,
      "aspect": 1
    },
    {
      "camera_to_world": [
        -0.014659606897474139,
        0.23244092933182636,
        -0.9725000310010116,
        -0.9240592728489249,
        -0.9992914930069203,
        -0.03712400847746754,
        0.0061903149002985125,
        -0.03784860468921415,
        -0.03466421684693695,
        0.9719017555112873,
        0.23282046667865502,
        -0.2746294314564205,
        0,
        0,
        0,
        1
      ],
      "fov": 50,
      "aspect": 1
    },
    {
      "camera_to_world": [
        -0.0164418838156452,
        0.22087492652945212,
        -0.9751635407905703,
        -0.9453454913811218,
        -0.9992539638323065,
        -0.03771655610687665,
        0.008305248994478912,
        -0.03553717043667576,
        -0.0349453891381437,
        0.9745725874587515,
        0.22133027707916011,
        -0.2781151646038611,
        0,
        0,
        0,
        1
      ],
      "fov": 50,
      "aspect": 1
    },
    {
      "camera_to_world": [
        -0.018122204618121023,
        0.2095315438777197,
        -0.9776339385577805,
        -0.9663447398979707,
        -0.9992178942318058,
        -0.038165884689807375,
        0.010342392991960192,
        -0.0333398237729345,
        -0.03514520659684295,
        0.9770567523772935,
        0.21005931802041455,
        -0.28135936887751123,
        0,
        0,
        0,
        1
      ],
      "fov": 50,
      "aspect": 1
    },
    {
      "camera_to_world": [
        -0.01968241660852255,
        0.19845597592188402,
        -0.9799121532552503,
        -0.986998521689856,
        -0.9991845848882112,
        -0.038462565231112064,
        0.012279918469436012,
        -0.03128109020390768,
        -0.03525291191124646,
        0.9793548165484943,
        0.19905118815280368,
        -0.28433923212154233,
        0,
        0,
        0,
        1
      ],
      "fov": 50,
      "aspect": 1
    },
    {
      "camera_to_world": [
        -0.021104762062053556,
        0.18769293001298798,
        -0.9820009944197836,
        -1.007248340047163,
        -0.9991554150427984,
        -0.038597324387025074,
        0.014096210157920447,
        -0.029385495235512787,
        -0.035256851943382655,
        0.981469108313299,
        0.18834899473514602,
        -0.28703194218012607,
        0,
        0,
        0,
        1
      ],
      "fov": 50,
      "aspect": 1
    },
    {
      "camera_to_world": [
        -0.022371813052793007,
        0.1772865196116806,
        -0.9839049709929859,
        -1.0270356982602764,
        -0.9991318033270697,
        -0.03856100489421003,
        0.015769859921584126,
        -0.027677564373667057,
        -0.03514458082163672,
        0.9834035483287246,
        0.1779952796378195,
        -0.2894146868974336,
        0,
        0,
        0,
        1
      ],
      "fov": 50,
      "aspect": 1
    },
    {
      "camera_to_world": [
        -0.023466382765186283,
        0.16728018412099815,
        -0.9856300872438721,
        -1.04630209961958,
        -0.9991151644123811,
        -0.03834451729191811,
        0.01727964799614125,
        -0.026181823124287962,
        -0.03490296722541686,
        0.9851634575003757,
        0.16803197578070295,
        -0.2914646541176368,
        0,
        0,
        0,
        1
      ],
      "fov": 50,
      "aspect": 1
    },
    {
      "camera_to_world": [
        -0.024371412650878815,
        0.1577166370406291,
        -0.9871836185056938,
        -1.0649890474154593,
        -0.999106861609264,
        -0.03793878308453083,
        0.018604510833454234,
        -0.02492279699329278,
        -0.034518304284651406,
        0.9867553451279902,
        0.15850039599525564,
        -0.293159031684907,
        0,
        0,
        0,
        1
      ],
      "fov": 50,
      "aspect": 1
    },
    {
      "camera_to_world": [
        -0.02506983512276165,
        0.14863784334262076,
        -0.9885738692143204,
        -1.0830380449382988,
        -0.9991081553986806,
        -0.037334669588293234,
        0.019723495191749874,
        -0.023925011486598924,
        -0.033976420982257005,
        0.9881866797185579,
        0.14944125549542514,
        -0.2944750074434156,
        0,
        0,
        0,
        1
      ],
      "fov": 50,
      "aspect": 1
    },
    {
      "camera_to_world": [
        -0.02554441173925108,
        0.1400850260774259,
        -0.989809915336163,
        -1.1003905954784834,
        -0.9991201476947837,
        -0.0365229167805634,
        0.020615698392087517,
        -0.023212992110123648,
        -0.03326279451953927,
        0.9894656446884484,
        0.1408947283684665,
        -0.2953897692373343,
        0,
        0,
        0,
        1
      ],
      "fov": 50,
      "aspect": 1
    },
    {
      "camera_to_world": [
        -0.025777547022423408,
        0.13209870134710472,
        -0.9909013327127557,
        -1.1169882023263975,
        -0.9991437214249724,
        -0.03549405652570556,
        0.02126019492872332,
        -0.022811264369784423,
        -0.03236266377423287,
        0.9906008808060683,
        0.13290053777046018,
        -0.2958805049108344,
        0,
        0,
        0,
        1
      ],
      "fov": 50,
      "aspect": 1
    },
    {
      "camera_to_world": [
        -0.025751078180817483,
        0.12471873993869358,
        -0.9918579121429792,
        -1.1327723687724254,
        -0.999179474770143,
        -0.03423832459483636,
        0.021635949875147678,
        -0.022744353771498582,
        -0.031261144742102856,
        0.9916012167383838,
        0.12549807883935976,
        -0.2959244023080877,
        0,
        0,
        0,
        1
      ],
      "fov": 50,
      "aspect": 1
    },
    {
      "camera_to_world": [
        -0.02544604108717538,
        0.11798445309546071,
        -0.9926893611904757,
        -1.1476845981069528,
        -0.9992276491378576,
        -0.032745565935826774,
        0.021721719774758674,
        -0.023036785821183403,
        -0.029943349702738733,
        0.9924753884803932,
        0.11872657271761886,
        -0.29549864927326536,
        0,
        0,
        0,
        1
      ],
      "fov": 50,
      "aspect": 1
    },
    {
      "camera_to_world": [
        -0.024842412917805375,
        0.11193469910759454,
        -0.9934049917612218,
        -1.1616663936203635,
        -0.9992880496452652,
        -0.03100513369711687,
        0.021495941956240248,
        -0.02371308602475647,
        -0.028394512790033907,
        0.9932317477910761,
        0.11262524949273327,
        -0.29458043365053904,
        0,
        0,
        0,
        1
      ],
      "fov": 50,
      "aspect": 1
    },
    {
      "camera_to_world": [
        -0.02391883192801803,
        0.10660800660788432,
        -0.9940133914622543,
        -1.1746592586030429,
        -0.9993599565685773,
        -0.02900578257924372,
        0.020936613484920638,
        -0.02479777988813492,
        -0.026600125684863682,
        0.9938779590593901,
        0.10723355729197147,
        -0.29314694328408025,
        0,
        0,
        0,
        1
      ],
      "fov": 50,
      "aspect": 1
    },
    {
      "camera_to_world": [
        -0.022652294962464743,
        0.10204270963395251,
        -0.994522075644123,
        -1.1866046963453751,
        -0.9994420258736302,
        -0.026735557200657314,
        0.020021161274623393,
        -0.026315392917236113,
        -0.02454608829421896,
        0.9944206833084935,
        0.10259139416988723,
        -0.29117536601806066,
        0,
        0,
        0,
        1
      ],
      "fov": 50,
      "aspect": 1
    },
    {
      "camera_to_world": [
        -0.02101783353815588,
        0.09827708862986557,
        -0.9949371158640129,
        -1.1974442101377454,
        -0.9995321765807421,
        -0.024181676343288973,
        0.01872630526806387,
        -0.028290450617977525,
        -0.02221888055520953,
        0.9948652473474313,
        0.09873935875428487,
        -0.28864288969665136,
        0,
        0,
        0,
        1
      ],
      "fov": 50,
      "aspect": 1
    },
    {
      "camera_to_world": [
        -0.018988169764724783,
        0.0953495105623312,
        -0.9952627393027983,
        -1.2071193032705376,
        -0.9996274623423945,
        -0.02133041421818145,
        0.017027917082995513,
        -0.030747478496276515,
        -0.019605762925491047,
        0.995215295433508,
        0.09571901480533919,
        -0.28552670216402426,
        0,
        0,
        0,
        1
      ],
      "fov": 50,
      "aspect": 1
    },
    {
      "camera_to_world": [
        -0.016533354073398055,
        0.09329856017018204,
        -0.9955008924522644,
        -1.2155714790341376,
        -0.9997239242344281,
        -0.018166980299369792,
        0.014900877159338972,
        -0.03371100205805028,
        -0.016695014716946257,
        0.9954724202593325,
        0.09357316381649028,
        -0.2818039912643505,
        0,
        0,
        0,
        1
      ],
      "fov": 50,
      "aspect": 1
    },
    {
      "camera_to_world": [
        -0.01362038782904817,
        0.09216315299707108,
        -0.9956507611934139,
        -1.222742240718929,
        -0.9998164213979863,
        -0.014675399861319225,
        0.012318934281613039,
        -0.037205546809216394,
        -0.013476221217783043,
        0.9956357696811364,
        0.09234611845194421,
        -0.2774519448418019,
        0,
        0,
        0,
        1
      ],
      "fov": 50,
      "aspect": 1
    },
    {
      "camera_to_world": [
        -0.010212835543905662,
        0.09198261922309102,
        -0.9957082382661162,
        -1.2285730916152973,
        -0.9998984358491733,
        -0.01083839817897517,
        0.00925457245316916,
        -0.041255638255692006,
        -0.009940622542381684,
        0.9957016254309189,
        0.09208396786464003,
        -0.2724477507405497,
        0,
        0,
        0,
        1
      ],
      "fov": 50,
      "aspect": 1
    },
    {
      "camera_to_world": [
        -0.006270433777931683,
        0.09279674536429733,
        -0.9956653281650568,
        -1.2330055350136269,
        -0.9999618475419173,
        -0.0066372924805781185,
        0.005678891536437931,
        -0.04588580190339464,
        -0.006081539343943983,
        0.995662950198671,
        0.09283482364332381,
        -0.2667685968047656,
        0,
        0,
        0,
        1
      ],
      "fov": 50,
      "aspect": 1
    },
    {
      "camera_to_world": [
        -0.0017487071224681022,
        0.09464575861749244,
        -0.9955094788092773,
        -1.2359810742043027,
        -0.9999966756966466,
        -0.0020518972676755592,
        0.0015615099291572416,
        -0.05112056325824166,
        -0.0018948928876800423,
        0.9955089000573135,
        0.09464903215364621,
        -0.26039167087862103,
        0,
        0,
        0,
        1
      ],
      "fov": 50,
      "aspect": 1
    },
    {
      "camera_to_world": [
        0.003379212572515384,
        0.09759434401228265,
        -0.9952205408547404,
        -1.2375524662961448,
        -0.999990696576227,
        0.0029979950641208213,
        -0.0031014168678461587,
        -0.056964683943602136,
        0.002680985524468092,
        0.9952217622431734,
        0.09760356691335546,
        -0.25321083992079363,
        0,
        0,
        0,
        1
      ],
      "fov": 50,
      "aspect": 1
    },
    {
      "camera_to_world": [
        0.00904984238472712,
        0.10175264814437875,
        -0.994768565520854,
        -1.2382009415499582,
        -0.9999277943422227,
        0.008786240642693085,
        -0.008198053260767413,
        -0.06333498048182179,
        0.007906102371541086,
        0.9947709286921159,
        0.10182481512045954,
        -0.24485459194483153,
        0,
        0,
        0,
        1
      ],
      "fov": 50,
      "aspect": 1
    },
    {
      "camera_to_world": [
        0.015270674582743587,
        0.10707804324342492,
        -0.9941333407309844,
        -1.2380062649817738,
        -0.9997885115768096,
        0.015332136941961116,
        -0.013706118918967796,
        -0.0702035567585853,
        0.013774564124351985,
        0.9941323947201158,
        0.10728952955079982,
        -0.23532732726947125,
        0,
        0,
        0,
        1
      ],
      "fov": 50,
      "aspect": 1
    },
    {
      "camera_to_world": [
        0.022063469224368255,
        0.11350876623964762,
        -0.9932919829096268,
        -1.2369880112753664,
        -0.9995516163537368,
        0.02262126325478908,
        -0.01961745889227389,
        -0.07755232949289108,
        0.020242765878651117,
        0.9932794362290556,
        0.11395697431079661,
        -0.2246826535948861,
        0,
        0,
        0,
        1
      ],
      "fov": 50,
      "aspect": 1
    },
    {
      "camera_to_world": [
        0.029451997547478223,
        0.12098021150295449,
        -0.9922179036205523,
        -1.23516575511451,
        -0.999194296342357,
        0.030638867619041023,
        -0.0259233089694411,
        -0.08536321540373719,
        0.027264225596293094,
        0.9921819632586169,
        0.12178511315801763,
        -0.2129741786212498,
        0,
        0,
        0,
        1
      ],
      "fov": 50,
      "aspect": 1
    },
    {
      "camera_to_world": [
        0.037461036593041355,
        0.12942468823718095,
        -0.9908813858439784,
        -1.232559071182979,
        -0.998692339598658,
        0.03936916368132981,
        -0.03261410397345908,
        -0.09361813121012194,
        0.034789101229174564,
        0.9908074076356823,
        0.13073025437872088,
        -0.20025551004873576,
        0,
        0,
        0,
        1
      ],
      "fov": 50,
      "aspect": 1
    },
    {
      "camera_to_world": [
        0.04611532625553745,
        0.13877122123131883,
        -0.9892501831398939,
        -1.2291875341645486,
        -0.9980203600177958,
        0.04879461936983771,
        -0.039679290700590106,
        -0.10229899363104367,
        0.042763742519739974,
        0.9891216473611935,
        0.1407466839651448,
        -0.18658025557751745,
        0,
        0,
        0,
        1
      ],
      "fov": 50,
      "aspect": 1
    },
    {
      "camera_to_world": [
        0.05543848945291907,
        0.14894542746311912,
        -0.9872901465754671,
        -1.2250707187429921,
        -0.9971520775576044,
        0.05889525004608393,
        -0.04710715173476848,
        -0.1113877193855004,
        0.05113030519889187,
        0.987089970144484,
        0.15178630613606153,
        -0.1720020229077687,
        0,
        0,
        0,
        1
      ],
      "fov": 50,
      "aspect": 1
    },
    {
      "camera_to_world": [
        0.06545192175627843,
        0.1598694990705953,
        -0.9849658822544702,
        -1.2202281996020847,
        -0.9960606613393918,
        0.06964793245784133,
        -0.05488464663711932,
        -0.12086622519249053,
        0.05982645627599453,
        0.9846780736724388,
        0.16379830999797163,
        -0.15657441973966282,
        0,
        0,
        0,
        1
      ],
      "fov": 50,
      "aspect": 1
    },
    {
      "camera_to_world": [
        0.0761736633694072,
        0.1714623201659615,
        -0.9822414396533011,
        -1.2146795514256008,
        -0.9947191409304946,
        0.08102575969103103,
        -0.0629972771871167,
        -0.13071642777101222,
        0.0687851995372795,
        0.9818530944239046,
        0.17672888076038967,
        -0.14035105377337337,
        0,
        0,
        0,
        1
      ],
      "fov": 50,
      "aspect": 1
    },
    {
      "camera_to_world": [
        0.08761727348777736,
        0.18363974048824222,
        -0.9790810278521278,
        -1.2084443488973144,
        -0.9931008874126771,
        0.0929974610217534,
        -0.07142898335872265,
        -0.14092024384006377,
        0.07793484975748172,
        0.9785846503787591,
        0.19052097321911898,
        -0.12338553270907397,
        0,
        0,
        0,
        1
      ],
      "fov": 50,
      "aspect": 1
    },
    {
      "camera_to_world": [
        0.09979073435272331,
        0.1963150226771348,
        -0.9754497532977392,
        -1.2015421667010002,
        -0.9911801612195048,
        0.10552691362875988,
        -0.08016207647550619,
        -0.15145959011864335,
        0.08719918200431044,
        0.9748458762139093,
        0.2051141640319235,
        -0.10573146424693806,
        0,
        0,
        0,
        1
      ],
      "fov": 50,
      "aspect": 1
    },
    {
      "camera_to_world": [
        0.11269541916918906,
        0.20939947184469626,
        -0.9713143691356795,
        -1.193992579520433,
        -0.9889327182738671,
        0.11857277501372494,
        -0.08917721543648394,
        -0.16231638332574938,
        0.0964977783461427,
        0.9706144230417693,
        0.22044459747871323,
        -0.08744245608713899,
        0,
        0,
        0,
        1
      ],
      "fov": 50,
      "aspect": 1
    },
    {
      "camera_to_world": [
        0.12632516377111938,
        0.22280324617169078,
        -0.9666440226337496,
        -1.1858151620393864,
        -0.9863364599040798,
        0.13208826514936747,
        -0.09845343099007767,
        -0.17347254018037983,
        0.10574658794536805,
        0.9658733890656618,
        0.2364450368113596,
        -0.06857211592985071,
        0,
        0,
        0,
        1
      ],
      "fov": 50,
      "aspect": 1
    },
    {
      "camera_to_world": [
        0.14066548571719864,
        0.23643633577195483,
        -0.9614109840513971,
        -1.1770294889416355,
        -0.9833721057507158,
        0.1460211253405809,
        -0.10796820173399982,
        -0.18490997740153306,
        0.11485870780810618,
        0.9606121434174157,
        0.25304502990505523,
        -0.049174051475246554,
        0,
        0,
        0,
        1
      ],
      "fov": 50,
      "aspect": 1
    },
    {
      "camera_to_world": [
        0.1556929956018788,
        0.25020968465544546,
        -0.9555913377721336,
        -1.1676551349109545,
        -0.9800238629363731,
        0.1603137761779897,
        -0.11769758384445489,
        -0.1966106117082074,
        0.12374538050279868,
        0.9548270036358292,
        0.27017119374952175,
        -0.029301870423499833,
        0,
        0,
        0,
        1
      ],
      "fov": 50,
      "aspect": 1
    },
    {
      "camera_to_world": [
        0.17137504310082924,
        0.26403641817340934,
        -0.9491656148851713,
        -1.1577116746311178,
        -0.9762800598162431,
        0.17490368964173517,
        -0.12761639453808638,
        -0.2085563598194009,
        0.1323171924104418,
        0.9485217283899532,
        0.287747617478849,
        -0.009009180474784578,
        0,
        0,
        0,
        1
      ],
      "fov": 50,
      "aspect": 1
    },
    {
      "camera_to_world": [
        0.18766963419577762,
        0.27783312697776946,
        -0.9421193459188584,
        -1.1472186827859001,
        -0.9721337093715887,
        0.18972398052892284,
        -0.13769844703444117,
        -0.22072913845411202,
        0.14048544232146948,
        0.9417077916031149,
        0.3056963783392363,
        0.01165041067072621,
        0,
        0,
        0,
        1
      ],
      "fov": 50,
      "aspect": 1
    },
    {
      "camera_to_world": [
        0.20452564605337853,
        0.2915211495274932,
        -0.934443513265846,
        -1.1361957340590756,
        -0.9675829664223231,
        0.20470421043425796,
        -0.14791683244264153,
        -0.2331108643313387,
        0.14816363655035455,
        0.9344044122373653,
        0.3239381595235708,
        0.03262329531285847,
        0,
        0,
        0,
        1
      ],
      "fov": 50,
      "aspect": 1
    },
    {
      "camera_to_world": [
        0.22188335252357727,
        0.3050277897491298,
        -0.9261348850754184,
        -1.1246624031344188,
        -0.9626314448333471,
        0.21977138436780763,
        -0.15824424169972243,
        -0.24568345417007936,
        0.15526905451815173,
        0.9266383253966015,
        0.3423929535128041,
        0.05385586575143894,
        0,
        0,
        0,
        1
      ],
      "fov": 50,
      "aspect": 1
    },
    {
      "camera_to_world": [
        0.23967525701454662,
        0.31828740560321117,
        -0.9171962159807397,
        -1.1126382646957038,
        -0.9572883660153506,
        0.23485110690188352,
        -0.168653318611347,
        -0.2584288246893324,
        0.16172431934211837,
        0.9184432943961958,
        0.3609808298400227,
        0.07529451428629426,
        0,
        0,
        0,
        1
      ],
      "fov": 50,
      "aspect": 1
    },
    {
      "camera_to_world": [
        0.2578272118766305,
        0.33124230860383636,
        -0.907636304808663,
        -1.100142893426706,
        -0.9515685181558777,
        0.24986885283210342,
        -0.1791170333580699,
        -0.27132889260809573,
        0.16745890263151253,
        0.9098593789015804,
        0.37962274240919774,
        0.0968856332172505,
        0,
        0,
        0,
        1
      ],
      "fov": 50,
      "aspect": 1
    },
    {
      "camera_to_world": [
        0.27625978598972495,
        0.34384342380171756,
        -0.8974699050961117,
        -1.0871958640111987,
        -0.9454920162393718,
        0.26475129804891084,
        -0.18960906468052782,
        -0.2843655746453677,
        0.1724104923504344,
        0.9009319897138348,
        0.3982413489804286,
        0.11857561484413438,
        0,
        0,
        0,
        1
      ],
      "fov": 50,
      "aspect": 1
    },
    {
      "camera_to_world": [
        0.2948898267236781,
        0.35605067375163774,
        -0.8867174904195156,
        -1.0738167511329566,
        -0.9390838651283238,
        0.27942765078066933,
        -0.20010417845423548,
        -0.2975207875201467,
        0.17652615769490743,
        0.8917107746910996,
        0.4167618144087478,
        0.1403108514667724,
        0,
        0,
        0,
        1
      ],
      "fov": 50,
      "aspect": 1
    },
    {
      "camera_to_world": [
        0.3136321504398895,
        0.3678330673215272,
        -0.8754048827801266,
        -1.060025129475755,
        -0.9323733406063035,
        0.2938309223385909,
        -0.21057859056488903,
        -0.3107764479514308,
        0.17976325524726358,
        0.8822483911362431,
        0.4351125698028241,
        0.16203773538499086,
        0,
        0,
        0,
        1
      ],
      "fov": 50,
      "aspect": 1
    },
    {
      "camera_to_world": [
        0.3324012884795769,
        0.37916849317961054,
        -0.8635627581114304,
        -1.0458405737233674,
        -0.9253932150326287,
