{
    "fl_x": 6881.716373626177,
    "fl_y": 6881.9300251846635,
    "cx": 1918.9422657299094,
    "cy": 1079.705905605667,
    "w": 3838,
    "h": 2158,
    "camera_model": "OPENCV",
    "k1": -0.0020910481396167508,
    "k2": 0.02638509347312749,
    "p1": 9.258058303720562e-05,
    "p2": -1.0523166326507947e-05,
    "frames": [
        {
            "file_path": "images/frame_00001.jpg",
            "transform_matrix": [
                [
                    -0.14276633384922824,
                    -0.8807131017091491,
                    -0.4516217514658707,
                    -1.375461235689999
                ],
                [
                    0.1371377713561852,
                    0.4342926819379864,
                    -0.8902713620478702,
                    -3.428745549715385
                ],
                [
                    0.9802096742976523,
                    -0.18903517898253985,
                    0.058776657954750774,
                    -0.5967196412198319
                ],
                [
                    0.0,
                    0.0,
                    0.0,
                    1.0
                ]
            ]
        },
        {
            "file_path": "images/frame_00002.jpg",
            "transform_matrix": [
                [
                    -0.14044361326579585,
                    -0.871454536666711,
                    -0.4699389130683426,
                    -1.4092325378032526
                ],
                [
                    0.2268652531609884,
                    0.4336902832187699,
                    -0.8720349162446558,
                    -3.3317425963254816
                ],
                [
                    0.9637467241973111,
                    -0.22908454501478442,
                    0.13679372366567488,
                    -0.3645913054817695
                ],
                [
                    0.0,
                    0.0,
                    0.0,
                    1.0
                ]
            ]
        },
        {
            "file_path": "images/frame_00003.jpg",
            "transform_matrix": [
                [
                    -0.13670309186922922,
                    -0.8637803447750049,
                    -0.4849698760271267,
                    -1.4367942884977754
                ],
                [
                    0.3168369179665995,
                    0.4257248035644667,
                    -0.8475687341115309,
                    -3.22719200928403
                ],
                [
                    0.9385769185777049,
                    -0.2695216273518136,
                    0.21547960530595642,
                    -0.13554182691771266
                ],
                [
                    0.0,
                    0.0,
                    0.0,
                    1.0
                ]
            ]
        },
        {
            "file_path": "images/frame_00004.jpg",
            "transform_matrix": [
                [
                    -0.13189544931276964,
                    -0.858986919513133,
                    -0.49471715409506606,
                    -1.4296280616266204
                ],
                [
                    0.40322981196418034,
                    0.4094260093643061,
                    -0.818398473605218,
                    -3.080686200505763
                ],
                [
                    0.9055436539416056,
                    -0.30742773941425294,
                    0.29236770656953165,
                    0.07180098834117808
                ],
                [
                    0.0,
                    0.0,
                    0.0,
                    1.0
                ]
            ]
        },
        {
            "file_path": "images/frame_00005.jpg",
            "transform_matrix": [
                [
                    -0.1257795226036785,
                    -0.8560953245860624,
                    -0.5012786719136123,
                    -1.421457257709911
                ],
                [
                    0.48933865277114125,
                    0.38600653955677927,
                    -0.7820144719399538,
                    -2.932716096384413
                ],
                [
                    0.8629757786854245,
                    -0.3436564369268891,
                    0.37036881450926706,
                    0.27801094457555875
                ],
                [
                    0.0,
                    0.0,
                    0.0,
                    1.0
                ]
            ]
        },
        {
            "file_path": "images/frame_00006.jpg",
            "transform_matrix": [
                [
                    -0.11816961576260242,
                    -0.8554027399323825,
                    -0.5043035736802701,
                    -1.4140830144155008
                ],
                [
                    0.5727314470421276,
                    0.3561617545566861,
                    -0.7383274979032903,
                    -2.784987734974992
                ],
                [
                    0.8111810103050672,
                    -0.3760783922366128,
                    0.4478285513599764,
                    0.48437367508748397
                ],
                [
                    0.0,
                    0.0,
                    0.0,
                    1.0
                ]
            ]
        },
        {
            "file_path": "images/frame_00007.jpg",
            "transform_matrix": [
                [
                    -0.10943650711398183,
                    -0.8569735310571595,
                    -0.503607007475189,
                    -1.408119763361539
                ],
                [
                    0.6509224837001922,
                    0.3211165686170676,
                    -0.6878837616728376,
                    -2.6375519762410975
                ],
                [
                    0.7512147303695955,
                    -0.4030887202924734,
                    0.522681463655171,
                    0.6909829446497217
                ],
                [
                    0.0,
                    0.0,
                    0.0,
                    1.0
                ]
            ]
        },
        {
            "file_path": "images/frame_00008.jpg",
            "transform_matrix": [
                [
                    -0.09983715318061118,
                    -0.860775604217326,
                    -0.4990970867768001,
                    -1.40367856144744
                ],
                [
                    0.7216773304617748,
                    0.28267613218197435,
                    -0.6318829282329168,
                    -2.4907551756566364
                ],
                [
                    0.6849922434176592,
                    -0.42327244592453267,
                    0.5929806598690265,
                    0.8980827663726929
                ],
                [
                    0.0,
                    0.0,
                    0.0,
                    1.0
                ]
            ]
        },
        {
            "file_path": "images/frame_00009.jpg",
            "transform_matrix": [
                [
                    -0.08956486848200214,
                    -0.8663544317746528,
                    -0.49133301627126597,
                    -1.4018027289547008
                ],
                [
                    0.7834912177383817,
                    0.24328437324904525,
                    -0.5717991128531478,
                    -2.3444768626472725
                ],
                [
                    0.6149143404252573,
                    -0.43616821557426405,
                    0.6569913558503897,
                    1.105653702615776
                ],
                [
                    0.0,
                    0.0,
                    0.0,
                    1.0
                ]
            ]
        },
        {
            "file_path": "images/frame_00010.jpg",
            "transform_matrix": [
                [
                    -0.07923017275507852,
                    -0.8732048916277503,
                    -0.4808698336999,
                    -1.4026982210922507
                ],
                [
                    0.8357846467467591,
                    0.20472383132529268,
                    -0.5094626356759526,
                    -2.198642300905258
                ],
                [
                    0.543310780297608,
                    -0.44226843672690697,
                    0.7135909373636566,
                    1.3135761648016357
                ],
                [
                    0.0,
                    0.0,
                    0.0,
                    1.0
                ]
            ]
        },
        {
            "file_path": "images/frame_00011.jpg",
            "transform_matrix": [
                [
                    -0.06875869521786479,
                    -0.8805741886034931,
                    -0.4688937408381951,
                    -1.40764268204922
                ],
                [
                    0.8787052567161227,
                    0.16909558575008554,
                    -0.4464120906732793,
                    -2.0520984586803683
                ],
                [
                    0.47238682628899525,
                    -0.4427141077999832,
                    0.7621383766111475,
                    1.5208050100969692
                ],
                [
                    0.0,
                    0.0,
                    0.0,
                    1.0
                ]
            ]
        },
        {
            "file_path": "images/frame_00014.jpg",
            "transform_matrix": [
                [
                    -0.03917079867643045,
                    -0.8975773957540132,
                    -0.43911327372614706,
                    -1.469292487181292
                ],
                [
                    0.9619495360234269,
                    0.08504780230417455,
                    -0.2596535412189553,
                    -1.578835054347628
                ],
                [
                    0.2704047682186175,
                    -0.43257564651130503,
                    0.8600927690487593,
                    2.112639409608366
                ],
                [
                    0.0,
                    0.0,
                    0.0,
                    1.0
                ]
            ]
        },
        {
            "file_path": "images/frame_00013.jpg",
            "transform_matrix": [
                [
                    -0.04874097810899989,
                    -0.8935976121052543,
                    -0.44621477417580574,
                    -1.4378519145603612
                ],
                [
                    0.9405484031319362,
                    0.10928678429522723,
                    -0.3215977303159549,
                    -1.7470108297669027
                ],
                [
                    0.3361443416435017,
                    -0.43536158123816554,
                    0.8351450623471712,
                    1.9253329287652032
                ],
                [
                    0.0,
                    0.0,
                    0.0,
                    1.0
                ]
            ]
        },
        {
            "file_path": "images/frame_00016.jpg",
            "transform_matrix": [
                [
                    -0.0196321812176234,
                    -0.8972039376820715,
                    -0.44117986317195385,
                    -1.5755499352763185
                ],
                [
                    0.9902681483152299,
                    0.043360210614560586,
                    -0.13224555405678734,
                    -1.1807339763144316
                ],
                [
                    0.1377808836267358,
                    -0.43948263485972505,
                    0.8876212265171386,
                    2.40489056820995
                ],
                [
                    0.0,
                    0.0,
                    0.0,
                    1.0
                ]
            ]
        },
        {
            "file_path": "images/frame_00015.jpg",
            "transform_matrix": [
                [
                    -0.029616870417142525,
                    -0.8988989826233711,
                    -0.4371538173519276,
                    -1.5152675898070682
                ],
                [
                    0.9784040493349044,
                    0.06343600119948503,
                    -0.19672668857295575,
                    -1.3911575852534155
                ],
                [
                    0.20456871029499105,
                    -0.43353949392239594,
                    0.8776076287144254,
                    2.276957226982504
                ],
                [
                    0.0,
                    0.0,
                    0.0,
                    1.0
                ]
            ]
        },
        {
            "file_path": "images/frame_00018.jpg",
            "transform_matrix": [
                [
                    -0.00014189036321505407,
                    -0.888031957769746,
                    -0.4597817110833759,
                    -1.716089786475405
                ],
                [
                    0.9999956560283396,
                    0.0012276459440576308,
                    -0.0026797033207210377,
                    -0.7168359658086128
                ],
                [
                    0.002944111338905377,
                    -0.4597800940287304,
                    0.8880279259929588,
                    2.5491086183384426
                ],
                [
                    0.0,
                    0.0,
                    0.0,
                    1.0
                ]
            ]
        },
        {
            "file_path": "images/frame_00017.jpg",
            "transform_matrix": [
                [
                    -0.009906597562232243,
                    -0.8932475550473389,
                    -0.44945596528101767,
                    -1.6445059561839486
                ],
                [
                    0.9974773742875928,
                    0.022767974487826886,
                    -0.06723471664290115,
                    -0.9536392099782118
                ],
                [
                    0.07029044820649188,
                    -0.4489882233863969,
                    0.8907686726368735,
                    2.4940983897985767
                ],
                [
                    0.0,
                    0.0,
                    0.0,
                    1.0
                ]
            ]
        },
        {
            "file_path": "images/frame_00012.jpg",
            "transform_matrix": [
                [
                    -0.0586263507260085,
                    -0.8876689363567098,
                    -0.45673494548577986,
                    -1.418343089244663
                ],
                [
                    0.9132307568093043,
                    0.1371028090165423,
                    -0.3836826873567256,
                    -1.9028354841432107
                ],
                [
                    0.4032028469865464,
                    -0.43959831572370806,
                    0.8026087371782233,
                    1.7259877988146561
                ],
                [
                    0.0,
                    0.0,
                    0.0,
                    1.0
                ]
            ]
        },
        {
            "file_path": "images/frame_00021.jpg",
            "transform_matrix": [
                [
                    0.02884130941139219,
                    -0.8711138799758092,
                    -0.4902334005195151,
                    -1.9152186992594988
                ],
                [
                    0.9802541396015103,
                    -0.07133435535318763,
                    0.18442676470742525,
                    0.015747696890998843
                ],
                [
                    -0.19562719817433152,
                    -0.4858724296148488,
                    0.8518556106962168,
                    2.5615998199183534
                ],
                [
                    0.0,
                    0.0,
                    0.0,
                    1.0
                ]
            ]
        },
        {
            "file_path": "images/frame_00022.jpg",
            "transform_matrix": [
                [
                    0.03838517383612376,
                    -0.8663508665434551,
                    -0.49795858710235635,
                    -1.9692494926483435
                ],
                [
                    0.964870852820745,
                    -0.0974789444284012,
                    0.243971499913602,
                    0.26069049217501866
                ],
                [
                    -0.25990539780185135,
                    -0.48983061504210745,
                    0.8321749532165288,
                    2.5241975926669786
                ],
                [
                    0.0,
                    0.0,
                    0.0,
                    1.0
                ]
            ]
        },
        {
            "file_path": "images/frame_00019.jpg",
            "transform_matrix": [
                [
                    0.009743817139506014,
                    -0.8822916582644119,
                    -0.4706022607091748,
                    -1.786700313704536
                ],
                [
                    0.9979078865651974,
                    -0.021500874679270667,
                    0.06097181577587734,
                    -0.47460531922778537
                ],
                [
                    -0.06391328467958048,
                    -0.47021180562068043,
                    0.8802363034415281,
                    2.5762413581479433
                ],
                [
                    0.0,
                    0.0,
                    0.0,
                    1.0
                ]
            ]
        },
        {
            "file_path": "images/frame_00020.jpg",
            "transform_matrix": [
                [
                    0.01935133812372652,
                    -0.8765342837925414,
                    -0.4809502833444612,
                    -1.8540002239850488
                ],
                [
                    0.9913038488190586,
                    -0.045804105628223436,
                    0.12336394620844358,
                    -0.22986453425665374
                ],
                [
                    -0.13016222581587342,
                    -0.479155124405338,
                    0.8680254384099365,
                    2.580093588436543
                ],
                [
                    0.0,
                    0.0,
                    0.0,
                    1.0
                ]
            ]
        },
        {
            "file_path": "images/frame_00023.jpg",
            "transform_matrix": [
                [
                    0.04741345795921309,
                    -0.8623799915223376,
                    -0.5040364215275351,
                    -2.015132900219771
                ],
                [
                    0.9451328573991785,
                    -0.12455331268910351,
                    0.3020105199535845,
                    0.5039205727334897
                ],
                [
                    -0.32322723565444483,
                    -0.4907007464026354,
                    0.8091581622965205,
                    2.4679662372770013
                ],
                [
                    0.0,
                    0.0,
                    0.0,
                    1.0
                ]
            ]
        },
        {
            "file_path": "images/frame_00024.jpg",
            "transform_matrix": [
                [
                    0.05649768456680915,
                    -0.8593116683536508,
                    -0.5083222091054598,
                    -2.050618135769474
                ],
                [
                    0.9211539788108434,
                    -0.15150496028794502,
                    0.3584990855345387,
                    0.7432953317012216
                ],
                [
                    -0.3850757833979458,
                    -0.48849739368743167,
                    0.782998682885894,
                    2.3913301830566516
                ],
                [
                    0.0,
                    0.0,
                    0.0,
                    1.0
                ]
            ]
        },
        {
            "file_path": "images/frame_00025.jpg",
            "transform_matrix": [
                [
                    0.06526164601884621,
                    -0.8573731909125544,
                    -0.5105410160440936,
                    -2.076932512531255
                ],
                [
                    0.8930776197514899,
                    -0.17805177053734406,
                    0.41317058475589724,
                    0.9784570414973003
                ],
                [
                    -0.44514411448195507,
                    -0.4829169478419055,
                    0.7540808569570869,
                    2.2999810947082984
                ],
                [
                    0.0,
                    0.0,
                    0.0,
                    1.0
                ]
            ]
        },
        {
            "file_path": "images/frame_00026.jpg",
            "transform_matrix": [
                [
                    0.07371255381391656,
                    -0.8564624677990283,
                    -0.5109192702001256,
                    -2.0924376392724557
                ],
                [
                    0.8609757508867828,
                    -0.2038863248503632,
                    0.46599476705640436,
                    1.2066756543257937
                ],
                [
                    -0.5032764804708947,
                    -0.47423876664672887,
                    0.7223644346271615,
                    2.1903784669448267
                ],
                [
                    0.0,
                    0.0,
                    0.0,
                    1.0
                ]
            ]
        },
        {
            "file_path": "images/frame_00027.jpg",
            "transform_matrix": [
                [
                    0.08189954074992765,
                    -0.8565509225728771,
                    -0.5095223079164483,
                    -2.0988750223806214
                ],
                [
                    0.8250713481670638,
                    -0.22850733007728508,
                    0.5167607478657161,
                    1.4275187848776263
                ],
                [
                    -0.5590614775306331,
                    -0.4627147254416092,
                    0.6880009790696244,
                    2.065751128085334
                ],
                [
                    0.0,
                    0.0,
                    0.0,
                    1.0
                ]
            ]
        },
        {
            "file_path": "images/frame_00030.jpg",
            "transform_matrix": [
                [
                    0.1038829695844074,
                    -0.8629186765892423,
                    -0.49454998354442997,
                    -2.0635606007832172
                ],
                [
                    0.696307487332357,
                    -0.2919543883401419,
                    0.6556817202071696,
                    2.0364623509157096
                ],
                [
                    -0.7101860402142699,
                    -0.412473020599414,
                    0.5705276466240446,
                    1.6112580246290726
                ],
                [
                    0.0,
                    0.0,
                    0.0,
                    1.0
                ]
            ]
        },
        {
            "file_path": "images/frame_00029.jpg",
            "transform_matrix": [
                [
                    0.0970858177750788,
                    -0.8598797495225217,
                    -0.5011797684943297,
                    -2.0835828602062128
                ],
                [
                    0.7425088255186285,
                    -0.27274809258703936,
                    0.6117917309159044,
                    1.84344241199396
                ],
                [
                    -0.6627631462399604,
                    -0.43152670178242447,
                    0.6119883312898141,
                    1.7752949792231847
                ],
                [
                    0.0,
                    0.0,
                    0.0,
                    1.0
                ]
            ]
        },
        {
            "file_path": "images/frame_00028.jpg",
            "transform_matrix": [
                [
                    0.08978050780740807,
                    -0.8577639000404688,
                    -0.5061428179923216,
                    -2.0949339026525093
                ],
                [
                    0.7854476751158894,
                    -0.2514920861977889,
                    0.5655295573486216,
                    1.640101356027044
                ],
                [
                    -0.6123817519104304,
                    -0.4483222305075318,
                    0.6511495738767425,
                    1.9264400230625116
                ],
                [
                    0.0,
                    0.0,
                    0.0,
                    1.0
                ]
            ]
        },
        {
            "file_path": "images/frame_00033.jpg",
            "transform_matrix": [
                [
                    0.12161496373703162,
                    -0.8756304873837072,
                    -0.4674195654435227,
                    -1.9743443811977042
                ],
                [
                    0.542273996895992,
                    -0.3358109899513307,
                    0.7701752341632084,
                    2.5555146234242416
                ],
                [
                    -0.8313535426554015,
                    -0.34713430915436516,
                    0.43399200283212064,
                    1.0626349684992713
                ],
                [
                    0.0,
                    0.0,
                    0.0,
                    1.0
                ]
            ]
        },
        {
            "file_path": "images/frame_00032.jpg",
            "transform_matrix": [
                [
                    0.11623485072215603,
                    -0.8709031233222733,
                    -0.4775114755323764,
                    -2.0086049062934657
                ],
                [
                    0.5959481592398224,
                    -0.3234570882738958,
                    0.7349974853998079,
                    2.3934650175368866
                ],
                [
                    -0.7945660771617837,
                    -0.37000440785601774,
                    0.4814161268495811,
                    1.2549480159738244
                ],
                [
                    0.0,
                    0.0,
                    0.0,
                    1.0
                ]
            ]
        },
        {
            "file_path": "images/frame_00031.jpg",
            "transform_matrix": [
                [
                    0.11051278663812346,
                    -0.8666056283122886,
                    -0.4866021053868758,
                    -2.038921839051994
                ],
                [
                    0.6474220568373033,
                    -0.30870122060350763,
                    0.6968129137139036,
                    2.220920781205349
                ],
                [
                    -0.7540766567863192,
                    -0.3920436727908871,
                    0.5269441662212415,
                    1.4382807969472697
                ],
                [
                    0.0,
                    0.0,
                    0.0,
                    1.0
                ]
            ]
        },
        {
            "file_path": "images/frame_00034.jpg",
            "transform_matrix": [
                [
                    0.12641974750667062,
                    -0.8806806130464135,
                    -0.4565300704713137,
                    -1.9365575428099973
                ],
                [
                    0.4865848986608694,
                    -0.3459975569813099,
                    0.802197498723448,
                    2.705838316818866
                ],
                [
                    -0.8644380740316456,
                    -0.32355424331502475,
                    0.38478496306027943,
                    0.8612629283475237
                ],
                [
                    0.0,
                    0.0,
                    0.0,
                    1.0
                ]
            ]
        },
        {
            "file_path": "images/frame_00035.jpg",
            "transform_matrix": [
                [
                    0.13061567125115567,
                    -0.8859461456468108,
                    -0.44501570021423903,
                    -1.895393517620765
                ],
                [
                    0.4292136034596333,
                    -0.35408735787565565,
                    0.8309018146555188,
                    2.8425151930655894
                ],
                [
                    -0.8937086936070425,
                    -0.2995355905500994,
                    0.33401077971376386,
                    0.6511611050501576
                ],
                [
                    0.0,
                    0.0,
                    0.0,
                    1.0
                ]
            ]
        },
        {
            "file_path": "images/frame_00038.jpg",
            "transform_matrix": [
                [
                    0.1398933682280337,
                    -0.9019654730126561,
                    -0.408519437749137,
                    -1.7530174104288008
                ],
                [
                    0.2493244896829553,
                    -0.36719544422208467,
                    0.8961053535086596,
                    3.1507770320626167
                ],
                [
                    -0.9582625654642621,
                    -0.22721309653187055,
                    0.1735138737803094,
                    -0.028557686866403528
                ],
                [
                    0.0,
                    0.0,
                    0.0,
                    1.0
                ]
            ]
        },
        {
            "file_path": "images/frame_00037.jpg",
            "transform_matrix": [
                [
                    0.13777630006946495,
                    -0.8965201099739019,
                    -0.42103370833171,
                    -1.8039159197064125
                ],
                [
                    0.31060534097702974,
                    -0.36453661336769444,
                    0.8778595443867745,
                    3.066010935563888
                ],
                [
                    -0.9405009374241537,
                    -0.2517235585454701,
                    0.22823942862155397,
                    0.20535149526566537
                ],
                [
                    0.0,
                    0.0,
                    0.0,
                    1.0
                ]
            ]
        },
        {
            "file_path": "images/frame_00036.jpg",
            "transform_matrix": [
                [
                    0.13438288583813066,
                    -0.8912404684343834,
                    -0.43316471164982606,
                    -1.8513039222900438
                ],
                [
                    0.3704382260826107,
                    -0.3602543763319103,
                    0.8561496977693065,
                    2.963257655944336
                ],
                [
                    -0.9190847407342722,
                    -0.2755126344808299,
                    0.2817375154125699,
                    0.4321482188861976
                ],
                [
                    0.0,
                    0.0,
                    0.0,
                    1.0
                ]
            ]
        },
        {
            "file_path": "images/frame_00039.jpg",
            "transform_matrix": [
                [
                    0.14177203442888162,
                    -0.9074425735222537,
                    -0.39553592253195574,
                    -1.6981814697780602
                ],
                [
                    0.18742414612495156,
                    -0.3677378178003202,
                    0.9108463574109474,
                    3.2166788286232357
                ],
                [
                    -0.9719942796658985,
                    -0.20326552368458298,
                    0.1179417109338482,
                    -0.2674375163301443
                ],
                [
                    0.0,
                    0.0,
                    0.0,
                    1.0
                ]
            ]
        },
        {
            "file_path": "images/frame_00040.jpg",
            "transform_matrix": [
                [
                    0.14335843917457708,
                    -0.9130357118690725,
                    -0.3818561859773456,
                    -1.6399832721011967
                ],
                [
                    0.12518764798159696,
                    -0.3660124668272592,
                    0.9221512494812658,
                    3.2671645843072246
                ],
                [
                    -0.9817211471238989,
                    -0.1800018415982474,
                    0.06182981732929968,
                    -0.5090067964316096
                ],
                [
                    0.0,
                    0.0,
                    0.0,
                    1.0
                ]
            ]
        },
        {
            "file_path": "images/frame_00041.jpg",
            "transform_matrix": [
                [
                    0.14400684774460953,
                    -0.9188397132779289,
                    -0.3674174861189842,
                    -1.5779688584156695
                ],
                [
                    0.062489459665387034,
                    -0.36210285260556413,
                    0.9300411773494981,
                    3.3016694606979824
                ],
                [
                    -0.9876016885533297,
                    -0.15689201840197667,
                    0.005272506838778648,
                    -0.7526889211496985
                ],
                [
                    0.0,
                    0.0,
                    0.0,
                    1.0
                ]
            ]
        },
        {
            "file_path": "images/frame_00042.jpg",
            "transform_matrix": [
                [
                    0.14426375973145578,
                    -0.9248071515349844,
                    -0.3520223005690026,
                    -1.5129230351736227
                ],
                [
                    -0.00011295185014129927,
                    -0.3557590261647947,
                    0.9345777134856985,
                    3.3246486353464255
                ],
                [
                    -0.9895392639355066,
                    -0.13478593313853376,
                    -0.051427593351724345,
                    -0.9972152587425344
                ],
                [
                    0.0,
                    0.0,
                    0.0,
                    1.0
                ]
            ]
        },
        {
            "file_path": "images/frame_00043.jpg",
            "transform_matrix": [
                [
                    0.14413590113371733,
                    -0.9307729468554881,
                    -0.3359859571564296,
                    -1.4464657020860758
                ],
                [
                    -0.062186408896392174,
                    -0.34738006766192414,
                    0.935660162206219,
                    3.336926533561952
                ],
                [
                    -0.9876019909624232,
                    -0.11396846051933808,
                    -0.10795136615119835,
                    -1.2418695891545648
                ],
                [
                    0.0,
                    0.0,
                    0.0,
                    1.0
                ]
            ]
        },
        {
            "file_path": "images/frame_00044.jpg",
            "transform_matrix": [
                [
                    0.14344327862711284,
                    -0.9367666182778439,
                    -0.3192057779818478,
                    -1.3779698409078573
                ],
                [
                    -0.12336560287292658,
                    -0.3369508068407537,
                    0.9334051005845021,
                    3.3390089461529455
                ],
                [
                    -0.9819393839970489,
                    -0.09451167467385889,
                    -0.16389810708436767,
                    -1.4856861468381968
                ],
                [
                    0.0,
                    0.0,
                    0.0,
                    1.0
                ]
            ]
        },
        {
            "file_path": "images/frame_00045.jpg",
            "transform_matrix": [
                [
                    0.1417859532306318,
                    -0.9423032127897611,
                    -0.30325137861611673,
                    -1.3105136585603951
                ],
                [
                    -0.18419477381168595,
                    -0.32611042942882346,
                    0.9272131756603821,
                    3.317347626344377
                ],
                [
                    -0.9726093916711593,
                    -0.07560848486673097,
                    -0.2198052052368514,
                    -1.7292104863552762
                ],
                [
                    0.0,
                    0.0,
                    0.0,
                    1.0
                ]
            ]
        },
        {
            "file_path": "images/frame_00048.jpg",
            "transform_matrix": [
                [
                    0.13503257981485606,
                    -0.9479774531013411,
                    -0.28827929304762634,
                    -1.1826436805851923
                ],
                [
                    -0.35864364201687016,
                    -0.31797812923798197,
                    0.8776472226169169,
                    2.9111571064927544
                ],
                [
                    -0.9236562891191828,
                    -0.015121433060656256,
                    -0.3829234934458481,
                    -2.353664474766127
                ],
                [
                    0.0,
                    0.0,
                    0.0,
                    1.0
                ]
            ]
        },
        {
            "file_path": "images/frame_00047.jpg",
            "transform_matrix": [
                [
                    0.13794240049432444,
                    -0.9464326473959644,
                    -0.2919539999536394,
                    -1.2201006022168972
                ],
                [
                    -0.30029613698108537,
                    -0.32086171403843644,
                    0.8982594227607937,
