{
    "fl_x": 6881.481868473283,
    "fl_y": 6887.096454762356,
    "cx": 1919.225718136095,
    "cy": 1082.1108008620097,
    "w": 3838,
    "h": 2158,
    "camera_model": "OPENCV",
    "k1": 3.871799514437445e-06,
    "k2": -0.0013177872091584579,
    "p1": 0.0022306741860227183,
    "p2": -5.5516817463149494e-05,
    "frames": [
        {
            "file_path": "images/frame_00009.jpg",
            "transform_matrix": [
                [
                    0.3970130987835716,
                    -0.7876873125562142,
                    -0.4710937242547761,
                    -1.8347983064890214
                ],
                [
                    -0.31327916406258766,
                    0.3661518876747805,
                    -0.8762356763545074,
                    -2.1292499409403014
                ],
                [
                    0.8626915814811872,
                    0.49546088926388926,
                    -0.10139892726909795,
                    -0.9805213865485876
                ],
                [
                    0.0,
                    0.0,
                    0.0,
                    1.0
                ]
            ]
        },
        {
            "file_path": "images/frame_00065.jpg",
            "transform_matrix": [
                [
                    -0.3526476232402335,
                    -0.839897531604642,
                    -0.4125673159951524,
                    -1.395882455252604
                ],
                [
                    -0.5378241374762439,
                    -0.1788745089390156,
                    0.8238623108261235,
                    2.5719263034470927
                ],
                [
                    -0.765757697297878,
                    0.5124217466660208,
                    -0.3886374950680851,
                    -1.6173731876338309
                ],
                [
                    0.0,
                    0.0,
                    0.0,
                    1.0
                ]
            ]
        },
        {
            "file_path": "images/frame_00001.jpg",
            "transform_matrix": [
                [
                    0.21877533401939547,
                    -0.6723608139749233,
                    -0.7071550671922533,
                    -2.7358525834327443
                ],
                [
                    -0.8525748305568018,
                    0.2207787578430285,
                    -0.47368016465367185,
                    -1.011483424314276
                ],
                [
                    0.4746087984074275,
                    0.7065321478292887,
                    -0.5249369605562079,
                    -2.41165520217308
                ],
                [
                    0.0,
                    0.0,
                    0.0,
                    1.0
                ]
            ]
        },
        {
            "file_path": "images/frame_00010.jpg",
            "transform_matrix": [
                [
                    0.40674577257152206,
                    -0.8081682633216125,
                    -0.42593653829523065,
                    -1.717774372148292
                ],
                [
                    -0.23130754106739368,
                    0.35994629874216855,
                    -0.9038448337337381,
                    -2.2598857094367997
                ],
                [
                    0.883772990049227,
                    0.466157398505636,
                    -0.04052877839148482,
                    -0.7957241848837487
                ],
                [
                    0.0,
                    0.0,
                    0.0,
                    1.0
                ]
            ]
        },
        {
            "file_path": "images/frame_00066.jpg",
            "transform_matrix": [
                [
                    -0.3275710229236643,
                    -0.8363420522849383,
                    -0.43957843045418155,
                    -1.4271709449213994
                ],
                [
                    -0.6215983977697147,
                    -0.15961840816945508,
                    0.7669011642079913,
                    2.372359057421323
                ],
                [
                    -0.7115565029081438,
                    0.524455846905406,
                    -0.46758251444623716,
                    -1.7731595452498645
                ],
                [
                    0.0,
                    0.0,
                    0.0,
                    1.0
                ]
            ]
        },
        {
            "file_path": "images/frame_00002.jpg",
            "transform_matrix": [
                [
                    0.24766571842524765,
                    -0.6757499826963996,
                    -0.6942792325878122,
                    -2.6596077989627145
                ],
                [
                    -0.8060453074839621,
                    0.25387765460043804,
                    -0.5346373525836607,
                    -1.1881011944543498
                ],
                [
                    0.5375431649644435,
                    0.6920318615355774,
                    -0.48180831086606685,
                    -2.2452583614461474
                ],
                [
                    0.0,
                    0.0,
                    0.0,
                    1.0
                ]
            ]
        },
        {
            "file_path": "images/frame_00006.jpg",
            "transform_matrix": [
                [
                    0.3475168482195308,
                    -0.725967755893552,
                    -0.5934668125568975,
                    -2.201026659173929
                ],
                [
                    -0.5560442907877632,
                    0.3500711842334403,
                    -0.7538334780651027,
                    -1.7416315241772837
                ],
                [
                    0.7550144282633917,
                    0.591963667273826,
                    -0.28201459136333007,
                    -1.5304481875284552
                ],
                [
                    0.0,
                    0.0,
                    0.0,
                    1.0
                ]
            ]
        },
        {
            "file_path": "images/frame_00007.jpg",
            "transform_matrix": [
                [
                    0.3673179981655256,
                    -0.7455272447246477,
                    -0.5561174476645613,
                    -2.077119022834583
                ],
                [
                    -0.4778210391086772,
                    0.36172343100679927,
                    -0.8005268353064577,
                    -1.8700095056453898
                ],
                [
                    0.7979752770661344,
                    0.5597725313320978,
                    -0.22336107619117698,
                    -1.3473959354422618
                ],
                [
                    0.0,
                    0.0,
                    0.0,
                    1.0
                ]
            ]
        },
        {
            "file_path": "images/frame_00008.jpg",
            "transform_matrix": [
                [
                    0.3837924927961793,
                    -0.7664456630509282,
                    -0.515038220002863,
                    -1.9550853017816043
                ],
                [
                    -0.3964390530755325,
                    0.36697615572295,
                    -0.8415251501454848,
                    -1.9989118027483153
                ],
                [
                    0.8339900477043295,
                    0.5271522993606573,
                    -0.16300629929208885,
                    -1.164936692275551
                ],
                [
                    0.0,
                    0.0,
                    0.0,
                    1.0
                ]
            ]
        },
        {
            "file_path": "images/frame_00011.jpg",
            "transform_matrix": [
                [
                    0.413166732111965,
                    -0.8272420022562748,
                    -0.3807412785330075,
                    -1.6040624828570946
                ],
                [
                    -0.15162956878100403,
                    0.34976612388005834,
                    -0.9244847929832087,
                    -2.390727736795065
                ],
                [
                    0.8979430523965349,
                    0.43969799668516696,
                    0.019077378327339106,
                    -0.6083940150220327
                ],
                [
                    0.0,
                    0.0,
                    0.0,
                    1.0
                ]
            ]
        },
        {
            "file_path": "images/frame_00012.jpg",
            "transform_matrix": [
                [
                    0.416860378983398,
                    -0.8442226221819606,
                    -0.3369207453245237,
                    -1.4943746230776407
                ],
                [
                    -0.075436140507059,
                    0.33725199810705214,
                    -0.9383871687518965,
                    -2.519000454457382
                ],
                [
                    0.9058348707900449,
                    0.41659243148311714,
                    0.0769020993976578,
                    -0.41691825873991767
                ],
                [
                    0.0,
                    0.0,
                    0.0,
                    1.0
                ]
            ]
        },
        {
            "file_path": "images/frame_00013.jpg",
            "transform_matrix": [
                [
                    0.41796618687631143,
                    -0.8587442290043837,
                    -0.2964162879798322,
                    -1.392130409443028
                ],
                [
                    -0.002778198354650175,
                    0.3250736617085063,
                    -0.9456846176592518,
                    -2.6409839516014255
                ],
                [
                    0.9084583359967467,
                    0.3960876968741773,
                    0.1334840370341391,
                    -0.21744407022126536
                ],
                [
                    0.0,
                    0.0,
                    0.0,
                    1.0
                ]
            ]
        },
        {
            "file_path": "images/frame_00014.jpg",
            "transform_matrix": [
                [
                    0.4171118140991912,
                    -0.870737956252975,
                    -0.26044797192390257,
                    -1.2989217561082236
                ],
                [
                    0.0671371418298659,
                    0.31530394333981926,
                    -0.9466129237979354,
                    -2.7479392674856578
                ],
                [
                    0.9063720752129324,
                    0.3773577014647405,
                    0.18997585746470416,
                    -0.00541949572455484
                ],
                [
                    0.0,
                    0.0,
                    0.0,
                    1.0
                ]
            ]
        },
        {
            "file_path": "images/frame_00015.jpg",
            "transform_matrix": [
                [
                    0.4142367842592579,
                    -0.8804903304250521,
                    -0.23053126598041246,
                    -1.2186957767198443
                ],
                [
                    0.13563313742823488,
                    0.31017243641720066,
                    -0.9409552123870676,
                    -2.827847913428952
                ],
                [
                    0.9000064103093505,
                    0.35851058243097966,
                    0.24790849861809336,
                    0.2231917102062949
                ],
                [
                    0.0,
                    0.0,
                    0.0,
                    1.0
                ]
            ]
        },
        {
            "file_path": "images/frame_00016.jpg",
            "transform_matrix": [
                [
                    0.40937151218723006,
                    -0.8885477488180263,
                    -0.2071179931342473,
                    -1.1530377121536382
                ],
                [
                    0.20303864183795506,
                    0.3100420601448024,
                    -0.9287891207705682,
                    -2.867895589301347
                ],
                [
                    0.8894887716717615,
                    0.33816685084671494,
                    0.3073319151313064,
                    0.464975724987077
                ],
                [
                    0.0,
                    0.0,
                    0.0,
                    1.0
                ]
            ]
        },
        {
            "file_path": "images/frame_00017.jpg",
            "transform_matrix": [
                [
                    0.4025454537136266,
                    -0.8957116241201738,
                    -0.18883284701155897,
                    -1.0993123047189537
                ],
                [
                    0.2698161046622932,
                    0.313219258425802,
                    -0.9105454221597388,
                    -2.8670272381226694
                ],
                [
                    0.8747322032252827,
                    0.3155857768772082,
                    0.3677624098157015,
                    0.7147912833683557
                ],
                [
                    0.0,
                    0.0,
                    0.0,
                    1.0
                ]
            ]
        },
        {
            "file_path": "images/frame_00018.jpg",
            "transform_matrix": [
                [
                    0.39396387022593526,
                    -0.9024706484592853,
                    -0.17418150770411758,
                    -1.0544274042982669
                ],
                [
                    0.3348436129689493,
                    0.3174074906022774,
                    -0.8872047338486567,
                    -2.8313688291571637
                ],
                [
                    0.85596274674223,
                    0.2912030452777619,
                    0.42723361596491305,
                    0.9636790568855357
                ],
                [
                    0.0,
                    0.0,
                    0.0,
                    1.0
                ]
            ]
        },
        {
            "file_path": "images/frame_00019.jpg",
            "transform_matrix": [
                [
                    0.38367683419319804,
                    -0.909197347420467,
                    -0.16171663596263727,
                    -1.014778227240692
                ],
                [
                    0.3981074785643438,
                    0.3208579169038754,
                    -0.8593955042186608,
                    -2.7675183432054826
                ],
                [
                    0.8332481757643553,
                    0.26534954419348955,
                    0.4850640132824547,
                    1.2085786065112574
                ],
                [
                    0.0,
                    0.0,
                    0.0,
                    1.0
                ]
            ]
        },
        {
            "file_path": "images/frame_00020.jpg",
            "transform_matrix": [
                [
                    0.371414005034426,
                    -0.9161128412578836,
                    -0.1509599249691618,
                    -0.9794906349868011
                ],
                [
                    0.4587581751476124,
                    0.32243142135216585,
                    -0.8279969294991707,
                    -2.6814159014936187
                ],
                [
                    0.8072128428113122,
                    0.23827555604222103,
                    0.5400298008381115,
                    1.444647868432215
                ],
                [
                    0.0,
                    0.0,
                    0.0,
                    1.0
                ]
            ]
        },
        {
            "file_path": "images/frame_00021.jpg",
            "transform_matrix": [
                [
                    0.35771412067559744,
                    -0.9231898274388208,
                    -0.14057435890931388,
                    -0.9441551945916036
                ],
                [
                    0.517620884681902,
                    0.3213139035557847,
                    -0.7929854949006753,
                    -2.57447834493155
                ],
                [
                    0.7772446381998458,
                    0.2108978849946683,
                    0.5928008556795159,
                    1.6737025536880221
                ],
                [
                    0.0,
                    0.0,
                    0.0,
                    1.0
                ]
            ]
        },
        {
            "file_path": "images/frame_00022.jpg",
            "transform_matrix": [
                [
                    0.3423281891858773,
                    -0.9304687771290646,
                    -0.1305345382519929,
                    -0.9087604840625719
                ],
                [
                    0.5741062371672234,
                    0.3171198044484211,
                    -0.7548755248862469,
                    -2.4486447642000977
                ],
                [
                    0.7437831937698042,
                    0.1834744789188351,
                    0.6427469768509626,
                    1.8922750607480627
                ],
                [
                    0.0,
                    0.0,
                    0.0,
                    1.0
                ]
            ]
        },
        {
            "file_path": "images/frame_00023.jpg",
            "transform_matrix": [
                [
                    0.3253011271691407,
                    -0.9378937904885369,
                    -0.12055875922358826,
                    -0.8724954838798868
                ],
                [
                    0.6280259120029873,
                    0.30959910180631606,
                    -0.713955075626988,
                    -2.3065503896406474
                ],
                [
                    0.7069389156888325,
                    0.15653636613824584,
                    0.6897345399216502,
                    2.0999090371348914
                ],
                [
                    0.0,
                    0.0,
                    0.0,
                    1.0
                ]
            ]
        },
        {
            "file_path": "images/frame_00024.jpg",
            "transform_matrix": [
                [
                    0.30669812800797797,
                    -0.9453832171758375,
                    -0.11039398062695752,
                    -0.8341310735804391
                ],
                [
                    0.6794288103592231,
                    0.2986784158731171,
                    -0.6701997430209713,
                    -2.145813357340501
                ],
                [
                    0.6665678884631728,
                    0.13054415564776703,
                    0.7339247056040276,
                    2.2937103385674793
                ],
                [
                    0.0,
                    0.0,
                    0.0,
                    1.0
                ]
            ]
        },
        {
            "file_path": "images/frame_00025.jpg",
            "transform_matrix": [
                [
                    0.28668802337444055,
                    -0.9527857549740456,
                    -0.10004640109566217,
                    -0.7943166535317313
                ],
                [
                    0.7279838071362528,
                    0.28454353090087964,
                    -0.623758411221738,
                    -1.9705634439841035
                ],
                [
                    0.6227756849790002,
                    0.10599190601644079,
                    0.7751878237291518,
                    2.475437070916835
                ],
                [
                    0.0,
                    0.0,
                    0.0,
                    1.0
                ]
            ]
        },
        {
            "file_path": "images/frame_00026.jpg",
            "transform_matrix": [
                [
                    0.2651233154771405,
                    -0.9600593719489786,
                    -0.0894182862916829,
                    -0.7523759443588339
                ],
                [
                    0.7733250271440193,
                    0.2671102123622115,
                    -0.5749961189821335,
                    -1.7802839932688606
                ],
                [
                    0.5759149503035238,
                    0.08329547877734432,
                    0.8132550849715866,
                    2.640525564274803
                ],
                [
                    0.0,
                    0.0,
                    0.0,
                    1.0
                ]
            ]
        },
        {
            "file_path": "images/frame_00029.jpg",
            "transform_matrix": [
                [
                    0.19306232875985188,
                    -0.9794873157523197,
                    -0.05771945507485942,
                    -0.6244631143103372
                ],
                [
                    0.887065920011482,
                    0.19938131147259336,
                    -0.41636660071342396,
                    -1.1438788015039272
                ],
                [
                    0.41933398475201833,
                    0.029183744033015473,
                    0.9073628371915005,
                    3.0434001417911087
                ],
                [
                    0.0,
                    0.0,
                    0.0,
                    1.0
                ]
            ]
        },
        {
            "file_path": "images/frame_00028.jpg",
            "transform_matrix": [
                [
                    0.21816043171481714,
                    -0.9735144541091719,
                    -0.06837860538593483,
                    -0.6677505183434674
                ],
                [
                    0.8530615653843225,
                    0.2242613050694064,
                    -0.4711611536540505,
                    -1.3656675472729816
                ],
                [
                    0.4740168685796464,
                    0.044457560539096504,
                    0.8793927072775045,
                    2.92451762793288
                ],
                [
                    0.0,
                    0.0,
                    0.0,
                    1.0
                ]
            ]
        },
        {
            "file_path": "images/frame_00031.jpg",
            "transform_matrix": [
                [
                    0.14019792534056663,
                    -0.9894405450866444,
                    -0.036768865482155584,
                    -0.5391729092012028
                ],
                [
                    0.9421161924029096,
                    0.14473139287927442,
                    -0.30243991788034386,
                    -0.6806200591752992
                ],
                [
                    0.30456792631931057,
                    0.007760905479972395,
                    0.9524589999594135,
                    3.2372818864728985
                ],
                [
                    0.0,
                    0.0,
                    0.0,
                    1.0
                ]
            ]
        },
        {
            "file_path": "images/frame_00030.jpg",
            "transform_matrix": [
                [
                    0.16700295143094207,
                    -0.9848417940940488,
                    -0.046868484282825036,
                    -0.5803696160924885
                ],
                [
                    0.916789794801175,
                    0.17260242448909924,
                    -0.3601456305564513,
                    -0.9154602342592075
                ],
                [
                    0.36277608295169295,
                    0.01717683515959178,
                    0.9317180206329202,
                    3.1474118610205437
                ],
                [
                    0.0,
                    0.0,
                    0.0,
                    1.0
                ]
            ]
        },
        {
            "file_path": "images/frame_00033.jpg",
            "transform_matrix": [
                [
                    0.08478224766033356,
                    -0.9962204903869706,
                    -0.018886635878464817,
                    -0.466032288550876
                ],
                [
                    0.9791892534237875,
                    0.08681063926834097,
                    -0.18344568375731232,
                    -0.1950226964095904
                ],
                [
                    0.1843919099663207,
                    -0.0029406534929891934,
                    0.9828483993454976,
                    3.3751653089513303
                ],
                [
                    0.0,
                    0.0,
                    0.0,
                    1.0
                ]
            ]
        },
        {
            "file_path": "images/frame_00032.jpg",
            "transform_matrix": [
                [
                    0.11258491286694106,
                    -0.9932641079771022,
                    -0.02740527684945023,
                    -0.500918704580728
                ],
                [
                    0.962995090350005,
                    0.11586803234760495,
                    -0.2433414371653137,
                    -0.4397842403742588
                ],
                [
                    0.2448777110243585,
                    0.0010054274444698387,
                    0.9695534517287455,
                    3.313538741334034
                ],
                [
                    0.0,
                    0.0,
                    0.0,
                    1.0
                ]
            ]
        },
        {
            "file_path": "images/frame_00027.jpg",
            "transform_matrix": [
                [
                    0.24215849359603547,
                    -0.9670294461362364,
                    -0.07882457919166234,
                    -0.710074591067248
                ],
                [
                    0.8150035551636533,
                    0.24682243010163954,
                    -0.5242593757571979,
                    -1.579429181828148
                ],
                [
                    0.5264299279580374,
                    0.06271154841147723,
                    0.8479025844080974,
                    2.790737973263665
                ],
                [
                    0.0,
                    0.0,
                    0.0,
                    1.0
                ]
            ]
        },
        {
            "file_path": "images/frame_00036.jpg",
            "transform_matrix": [
                [
                    4.952953188833982e-06,
                    -0.9999999999874122,
                    -8.025307292821138e-07,
                    -0.38837829873204277
                ],
                [
                    0.9999999999873803,
                    4.952952513702222e-06,
                    8.412532721709349e-07,
                    0.5598367399771698
                ],
                [
                    -8.412492972637523e-07,
                    -8.025348959600629e-07,
                    0.9999999999993241,
                    3.4696055340497542
                ],
                [
                    0.0,
                    0.0,
                    0.0,
                    1.0
                ]
            ]
        },
        {
            "file_path": "images/frame_00035.jpg",
            "transform_matrix": [
                [
                    0.02849165463538705,
                    -0.9995813241839793,
                    -0.005040035589211313,
                    -0.40915819196691944
                ],
                [
                    0.9976961488382424,
                    0.02874775448584014,
                    -0.06144885031765432,
                    0.3059555858062963
                ],
                [
                    0.06156801287582258,
                    -0.003277644676371609,
                    0.9980975086813402,
                    3.453940394862541
                ],
                [
                    0.0,
                    0.0,
                    0.0,
                    1.0
                ]
            ]
        },
        {
            "file_path": "images/frame_00034.jpg",
            "transform_matrix": [
                [
                    0.05686539813537217,
                    -0.9983171149976445,
                    -0.01136945019273332,
                    -0.43517844934003985
                ],
                [
                    0.9907644009455429,
                    0.05783192308893739,
                    -0.12264326516712824,
                    0.054109727642819946
                ],
                [
                    0.12309438782464827,
                    -0.0042902884069328465,
                    0.9923856937257108,
                    3.422628319073716
                ],
                [
                    0.0,
                    0.0,
                    0.0,
                    1.0
                ]
            ]
        },
        {
            "file_path": "images/frame_00037.jpg",
            "transform_matrix": [
                [
                    -0.028281025013839205,
                    -0.9995949778913189,
                    0.0031723490696966197,
                    -0.37519890355617613
                ],
                [
                    0.9977116199897103,
                    -0.02803247252611466,
                    0.06152807344278355,
                    0.8145977157287682
                ],
                [
                    -0.06141422442459516,
                    0.004905166513588563,
                    0.9981003117822372,
                    3.464173738078455
                ],
                [
                    0.0,
                    0.0,
                    0.0,
                    1.0
                ]
            ]
        },
        {
            "file_path": "images/frame_00038.jpg",
            "transform_matrix": [
                [
                    -0.05629686915212157,
                    -0.9984016746825505,
                    0.004975792876254135,
                    -0.36770434698472265
                ],
                [
                    0.9908775011852187,
                    -0.055260024741067684,
                    0.12291504102652996,
                    1.0687811897754746
                ],
                [
                    -0.12244362036711368,
                    0.01185013319313612,
                    0.9924047229707741,
                    3.440568917904776
                ],
                [
                    0.0,
                    0.0,
                    0.0,
                    1.0
                ]
            ]
        },
        {
            "file_path": "images/frame_00039.jpg",
            "transform_matrix": [
                [
                    -0.08405770576973666,
                    -0.9964453475609256,
                    0.0055651976527970526,
                    -0.3652727977224831
                ],
                [
                    0.9795822909288465,
                    -0.08160901075657744,
                    0.18373487600868127,
                    1.3201405604177598
                ],
                [
                    -0.18262759210842436,
                    0.020895901213375555,
                    0.9829600825634579,
                    3.398707935051072
                ],
                [
                    0.0,
                    0.0,
                    0.0,
                    1.0
                ]
            ]
        },
        {
            "file_path": "images/frame_00040.jpg",
            "transform_matrix": [
                [
                    -0.11131883301148479,
                    -0.9937717083128064,
                    0.00509010550063828,
                    -0.36719672372188034
                ],
                [
                    0.9638664858074425,
                    -0.1067188018603056,
                    0.24407477310593187,
                    1.5686999598901592
                ],
                [
                    -0.24201139426517182,
                    0.032076301010984624,
                    0.9697430566697964,
                    3.3397045653160253
                ],
                [
                    0.0,
                    0.0,
                    0.0,
                    1.0
                ]
            ]
        },
        {
            "file_path": "images/frame_00041.jpg",
            "transform_matrix": [
                [
                    -0.1381049410582555,
                    -0.9904095888375853,
                    0.003983916899324394,
                    -0.37181513527594906
                ],
                [
                    0.9438959120764029,
                    -0.13039851026332722,
                    0.30340852935697177,
                    1.8129541145032722
                ],
                [
                    -0.29997921998156996,
                    0.04566261993874097,
                    0.9528522407590689,
                    3.2665450606734616
                ],
                [
                    0.0,
                    0.0,
                    0.0,
                    1.0
                ]
            ]
        },
        {
            "file_path": "images/frame_00042.jpg",
            "transform_matrix": [
                [
                    -0.16398873978059528,
                    -0.9864602582685612,
                    0.0019626721314094627,
                    -0.3800841786771981
                ],
                [
                    0.9197871541369761,
                    -0.15218537676062743,
                    0.36170596094732554,
                    2.0536077744921277
                ],
                [
                    -0.3565098656556008,
                    0.061120945321134205,
                    0.932290161770077,
                    3.1812994590786206
                ],
                [
                    0.0,
                    0.0,
                    0.0,
                    1.0
                ]
            ]
        },
        {
            "file_path": "images/frame_00043.jpg",
            "transform_matrix": [
                [
                    -0.18917205112147728,
                    -0.9819438682901264,
                    -0.0004178539410446766,
                    -0.38989105400705937
                ],
                [
                    0.8918618351495101,
                    -0.17199571069400896,
                    0.4183299445492881,
                    2.289332961648313
                ],
                [
                    -0.4108483930578784,
                    0.07876366567323817,
                    0.9082950417631229,
                    3.086227717591663
                ],
                [
                    0.0,
                    0.0,
                    0.0,
                    1.0
                ]
            ]
        },
        {
            "file_path": "images/frame_00044.jpg",
            "transform_matrix": [
                [
                    -0.2130798679318201,
                    -0.9770299457344399,
                    -0.003074901675710074,
                    -0.40089699099860554
                ],
                [
                    0.8602808516359618,
                    -0.18910816749662374,
                    0.4734500578673249,
                    2.5219671450480154
                ],
                [
                    -0.4631563733672057,
                    0.09823739677040544,
                    0.8808152971452707,
                    2.9815582353642434
                ],
                [
                    0.0,
                    0.0,
                    0.0,
                    1.0
                ]
            ]
        },
        {
            "file_path": "images/frame_00045.jpg",
            "transform_matrix": [
                [
                    -0.236340084465622,
                    -0.9716375750844395,
                    -0.007986686347485792,
                    -0.42140784031551687
                ],
                [
                    0.8251695908172284,
                    -0.2050399448482212,
                    0.5263589720021555,
                    2.7439916611405044
                ],
                [
                    -0.5130677449083214,
                    0.11780935319688705,
                    0.8502249381393261,
                    2.859185665951392
                ],
                [
                    0.0,
                    0.0,
                    0.0,
                    1.0
                ]
            ]
        },
        {
            "file_path": "images/frame_00046.jpg",
            "transform_matrix": [
                [
                    -0.2577429439051349,
                    -0.9659333286571494,
                    -0.023267562322549663,
                    -0.4834892690139268
                ],
                [
                    0.7871539039529991,
                    -0.22388184963137375,
                    0.5746874358268046,
                    2.912578498782173
                ],
                [
                    -0.560318932714813,
                    0.1298064790176292,
                    0.8180421576217076,
                    2.680151895285633
                ],
                [
                    0.0,
                    0.0,
                    0.0,
                    1.0
                ]
            ]
        },
        {
            "file_path": "images/frame_00047.jpg",
            "transform_matrix": [
                [
                    -0.2780108156776052,
                    -0.9595550275118516,
                    -0.044318568828449874,
                    -0.5660189395476769
                ],
                [
                    0.74621600314973,
                    -0.24479271199236607,
                    0.619062359378007,
                    3.043056019988785
                ],
                [
                    -0.6048732619396522,
                    0.13903480618950048,
                    0.7840903389650541,
                    2.4763475887009796
                ],
                [
                    0.0,
                    0.0,
                    0.0,
                    1.0
                ]
            ]
        },
        {
            "file_path": "images/frame_00048.jpg",
            "transform_matrix": [
                [
                    -0.2981081283886947,
                    -0.9521769545198844,
                    -0.0670118726034986,
                    -0.6521348930716598
                ],
                [
                    0.7006729427370137,
                    -0.2659611845411332,
                    0.6620589668856776,
